image: /home/user/catkin_ws/src/tp_ros/maps/map_2023/map_2023.pgm
resolution: 0.050000
origin: [-10.000000, -10.000000, 0.000000]
negate: 0
occupied_thresh: 0.65
free_thresh: 0.196

