station_1:
  position:
    x: -0.47341227531433105
    y: -0.47341227531433105
    z: -0.47341227531433105
